time (seconds) , Total ITMY thermal response (diopters) , CO2Y drop (diopters) , ITMY self heating (diopters) 
0,0.0,4.67828792765e-05,0.0
60,1.95174e-06,4.56994758395e-05,4.01101343706e-06
120,9.34034e-06,4.46408531272e-05,1.61525361494e-05
180,2.258433e-05,4.36064443292e-05,3.70529299473e-05
240,3.447076e-05,4.25956955999e-05,5.58933236766e-05
300,4.39613e-05,4.16080657617e-05,7.11167635149e-05
360,5.095958e-05,4.06430260153e-05,8.25792232613e-05
420,5.691243e-05,3.97000596568e-05,9.24514646197e-05
480,6.192213e-05,3.87786618009e-05,0.000100887412476
540,6.551263e-05,3.78783391103e-05,0.000107173485166
600,6.934493e-05,3.69986095322e-05,0.000113801664744
660,7.136853e-05,3.61390020395e-05,0.000117696672237
720,7.488843e-05,3.52990563791e-05,0.000123816467897
780,7.642783e-05,3.44783228252e-05,0.000126946301451
840,7.821593e-05,3.36763619386e-05,0.000130430412338
900,7.980953e-05,3.28927443315e-05,0.000133604429945
960,8.089773e-05,3.21270504373e-05,0.000136002423839
1020,8.202723e-05,3.13788702863e-05,0.00013844485399
1080,8.278033e-05,3.06478032861e-05,0.00014030557099
1140,8.421703e-05,2.9933458007e-05,0.00014317496627
1200,8.478753e-05,2.92354519725e-05,0.000144728722304
1260,8.527803e-05,2.85534114545e-05,0.000146146512822
1320,8.532463e-05,2.78869712731e-05,0.000146882853003
1380,8.592293e-05,2.72357746013e-05,0.000148431499675
1440,8.612583e-05,2.65994727737e-05,0.000149372151503
1500,8.663493e-05,2.59777251002e-05,0.000150757549176
1560,8.693813e-05,2.53701986829e-05,0.000151819875594
1620,8.748053e-05,2.47765682387e-05,0.000153227106038
1680,8.732923e-05,2.41965159244e-05,0.000153580208352
1740,8.762263e-05,2.3629731167e-05,0.00015458709311
1800,8.800743e-05,2.30759104971e-05,0.000155718113779
1860,8.792823e-05,2.25347573869e-05,0.00015614046689
1920,8.839083e-05,2.20059820907e-05,0.000157363142186
1980,8.830293e-05,2.14893014903e-05,0.000157747972786
2040,8.852383e-05,2.09844389434e-05,0.000158584185333
2100,8.807783e-05,2.04911241352e-05,0.000158408500141
2160,8.807223e-05,2.00090929339e-05,0.000158882131343
2220,8.751513e-05,1.95380872492e-05,0.000158517487027
2280,8.829953e-05,1.90778548939e-05,0.000160154319383
2340,8.721633e-05,1.86281494494e-05,0.000158979224827
2400,8.716933e-05,1.81887301333e-05,0.000159348144143
2460,8.743983e-05,1.77593616706e-05,0.000160183262606
2520,8.757323e-05,1.73398141678e-05,0.000160802910109
2580,8.719083e-05,1.69298629897e-05,0.000160639261287
2640,8.680673e-05,1.65292886392e-05,0.000160463685637
2700,8.688303e-05,1.61378766399e-05,0.000160969547637
2760,8.625053e-05,1.5755417421e-05,0.000160403256856
2820,8.657863e-05,1.53817062051e-05,0.000161269118071
2880,8.674253e-05,1.5016542899e-05,0.000161880131378
2940,8.645143e-05,1.46597319859e-05,0.000161800292291
3000,8.627323e-05,1.43110824214e-05,0.000161881641855
3060,8.616753e-05,1.39704075306e-05,0.000162063766746
3120,8.539523e-05,1.36375249084e-05,0.000161238199368
3180,8.533123e-05,1.33122563222e-05,0.000161467467954
3240,8.558373e-05,1.29944276156e-05,0.000162164046661
3300,8.431383e-05,1.26838686163e-05,0.00016056975566
3360,8.445913e-05,1.23804130438e-05,0.000161091161233
3420,8.451883e-05,1.20838984212e-05,0.000161477225855
3480,8.459703e-05,1.17941659879e-05,0.000161884258289
3540,8.398493e-05,1.15110606148e-05,0.000161249213662
3600,8.469913e-05,1.12344307207e-05,0.000162597143556
3660,8.375933e-05,1.0964128192e-05,0.000161457746085
3720,8.417933e-05,1.07000083024e-05,0.000162351865974
3780,8.371473e-05,1.04419296363e-05,0.00016191304464
3840,8.357943e-05,1.01897540125e-05,0.000161962270264
3900,8.360073e-05,9.94334641066e-06,0.000162240627866
3960,8.271173e-05,9.70257489849e-06,0.000161147899378
4020,8.301113e-05,9.46731056155e-06,0.000161832263715
4080,8.280823e-05,9.23742743403e-06,0.000161757796843
4140,8.257583e-05,9.01280243132e-06,0.000161633821845
4200,8.255703e-05,8.79331528417e-06,0.000161825108992
4260,8.185193e-05,8.57884847422e-06,0.000160981925802
4320,8.188623e-05,8.36928717112e-06,0.000161242937105
4380,8.235873e-05,8.16451917105e-06,0.000162156455106
4440,8.168423e-05,7.9644348366e-06,0.00016134478944
4500,8.164333e-05,7.76892703815e-06,0.000161478947238
4560,8.166163e-05,7.57789109641e-06,0.00016169743318
4620,8.117343e-05,7.39122472645e-06,0.00016115179955
4680,8.107693e-05,7.20882798291e-06,0.000161189446294
4740,8.124893e-05,7.03060320647e-06,0.00016162567107
4800,8.137033e-05,6.85645497158e-06,0.000161981919305
4860,8.105003e-05,6.68629003536e-06,0.000161671634241
4920,8.071013e-05,6.52001728769e-06,0.000161328056989
4980,8.056023e-05,6.35754770239e-06,0.000161265676574
5040,7.965183e-05,6.19879428961e-06,0.000160061829987
5100,8.041333e-05,6.04367204919e-06,0.000161359202227
5160,7.950913e-05,5.89209792521e-06,0.000160154476351
5220,7.969573e-05,5.74399076148e-06,0.000160582483515
5280,7.950443e-05,5.59927125808e-06,0.000160440253018
5340,7.908963e-05,5.45786192896e-06,0.000159959462348
5400,7.960113e-05,5.31968706036e-06,0.000160864887216
5460,7.942133e-05,5.18467267038e-06,0.000160730201606
5520,7.915533e-05,5.05274646926e-06,0.000160463127807
5580,7.891203e-05,4.92383782076e-06,0.000160227086456
5640,7.922753e-05,4.79787770429e-06,0.000160826296572
5700,7.806173e-05,4.67479867797e-06,0.000159200675599
5760,7.851753e-05,4.55453484253e-06,0.000160004639434
5820,7.880763e-05,4.43702180601e-06,0.000160557302471
5880,7.886383e-05,4.32219664929e-06,0.000160756427627
5940,7.771643e-05,4.20999789239e-06,0.000159147526384
6000,7.800973e-05,4.1003654616e-06,0.000159697108815
6060,7.784513e-05,3.99324065722e-06,0.000159557333619
6120,7.815253e-05,3.88856612225e-06,0.000160123108154
6180,7.794423e-05,3.78628581158e-06,0.000159912938465
6240,7.814743e-05,3.68634496204e-06,0.000160317679315
6300,7.755443e-05,3.58869006305e-06,0.000159525834213
6360,7.733603e-05,3.49326882798e-06,0.000159293655449
6420,7.724483e-05,3.40003016616e-06,0.00015925009411
6480,7.704993e-05,3.30892415552e-06,0.000159048850121
6540,7.762473e-05,3.21990201585e-06,0.000160000072261
6600,7.718653e-05,3.13291608269e-06,0.000159429758194
6660,7.758703e-05,3.04791978183e-06,0.000160115504495
6720,7.719203e-05,2.96486760434e-06,0.000159606056672
6780,7.718473e-05,2.8837150822e-06,0.000159676259194
6840,7.694753e-05,2.80441876455e-06,0.000159399755512
6900,7.669073e-05,2.72693619435e-06,0.000159092038082
6960,7.721803e-05,2.65122588569e-06,0.000159958698391
7020,7.700083e-05,2.57724730157e-06,0.000159706876975
7080,7.644793e-05,2.50496083219e-06,0.000158949813444
7140,7.692803e-05,2.43432777376e-06,0.000159740596503
7200,7.668233e-05,2.36531030774e-06,0.000159441063969
7260,7.659213e-05,2.29787148064e-06,0.000159373202796
7320,7.687873e-05,2.2319751842e-06,0.000159868999092
7380,7.626713e-05,2.16758613605e-06,0.000159015988141
7440,7.612623e-05,2.10466986085e-06,0.000158867554416
7500,7.620553e-05,2.04319267182e-06,0.000159047981605
